2.0	0.6	0.1	92.7	35.528
2.0	0.6	0.2	98.9	24.189
2.0	0.6	0.3	99.8	18.446
2.0	0.6	0.4	100.0	16.091
2.0	0.7	0.1	91.8	37.623
2.0	0.7	0.2	99.4	23.947
2.0	0.7	0.3	99.8	19.256
2.0	0.7	0.4	100.0	16.355
2.0	0.8	0.1	91.6	37.129
2.0	0.8	0.2	98.9	24.946
2.0	0.8	0.3	99.9	19.665
2.0	0.8	0.4	100.0	16.714
2.0	0.9	0.1	93.3	38.64
2.0	0.9	0.2	98.0	26.968
2.0	0.9	0.3	99.9	19.553
2.0	0.9	0.4	100.0	17.432
3.0	0.6	0.1	93.2	35.228
3.0	0.6	0.2	98.8	24.538
3.0	0.6	0.3	99.9	19.461
3.0	0.6	0.4	100.0	16.021
3.0	0.7	0.1	92.3	36.775
3.0	0.7	0.2	99.6	23.677
3.0	0.7	0.3	99.7	19.086
3.0	0.7	0.4	100.0	15.977
3.0	0.8	0.1	92.3	35.733
3.0	0.8	0.2	99.4	24.851
3.0	0.8	0.3	99.9	18.531
3.0	0.8	0.4	99.9	16.609
3.0	0.9	0.1	91.3	37.192
3.0	0.9	0.2	99.0	24.291
3.0	0.9	0.3	99.9	19.378
3.0	0.9	0.4	100.0	16.172
4.0	0.6	0.1	92.1	35.239
4.0	0.6	0.2	99.6	23.978
4.0	0.6	0.3	99.9	18.994
4.0	0.6	0.4	100.0	15.184
4.0	0.7	0.1	93.1	36.274
4.0	0.7	0.2	99.6	24.511
4.0	0.7	0.3	99.9	17.294
4.0	0.7	0.4	100.0	15.75
4.0	0.8	0.1	91.9	36.718
4.0	0.8	0.2	99.7	24.114
4.0	0.8	0.3	100.0	18.981
4.0	0.8	0.4	100.0	17.001
4.0	0.9	0.1	91.4	36.215
4.0	0.9	0.2	99.3	24.685
4.0	0.9	0.3	100.0	19.919
4.0	0.9	0.4	100.0	16.807
5.0	0.6	0.1	92.6	34.605
5.0	0.6	0.2	99.1	23.522
5.0	0.6	0.3	99.9	18.242
5.0	0.6	0.4	99.9	15.708
5.0	0.7	0.1	92.3	36.589
5.0	0.7	0.2	99.7	24.569
5.0	0.7	0.3	99.8	18.626
5.0	0.7	0.4	99.9	16.659
5.0	0.8	0.1	92.3	36.276
5.0	0.8	0.2	99.6	23.692
5.0	0.8	0.3	99.7	18.684
5.0	0.8	0.4	99.9	16.596
5.0	0.9	0.1	94.2	36.685
5.0	0.9	0.2	99.3	25.022
5.0	0.9	0.3	99.9	19.772
5.0	0.9	0.4	100.0	16.337
