0.3	0.9	0.1	94.0	29.549
0.3	0.9	0.2	99.0	18.08
0.3	0.9	0.3	100.0	14.192
0.3	0.9	0.4	100.0	13.246
0.3	0.8	0.1	93.0	29.049
0.3	0.8	0.2	99.5	19.398
0.3	0.8	0.3	99.7	14.519
0.3	0.8	0.4	100.0	13.139
0.3	0.7	0.1	92.5	30.169
0.3	0.7	0.2	99.6	19.71
0.3	0.7	0.3	99.7	15.764
0.3	0.7	0.4	99.9	13.659
0.3	0.6	0.1	94.3	30.542
0.3	0.6	0.2	99.2	20.323
0.3	0.6	0.3	99.6	15.461
0.3	0.6	0.4	99.9	13.843
0.4	0.9	0.1	93.0	27.796
0.4	0.9	0.2	99.1	18.94
0.4	0.9	0.3	99.7	13.987
0.4	0.9	0.4	100.0	13.157
0.4	0.8	0.1	93.2	28.579
0.4	0.8	0.2	98.9	18.962
0.4	0.8	0.3	99.9	14.923
0.4	0.8	0.4	100.0	12.594
0.4	0.7	0.1	93.2	28.733
0.4	0.7	0.2	98.9	19.542
0.4	0.7	0.3	99.5	14.404
0.4	0.7	0.4	100.0	12.221
0.4	0.6	0.1	91.8	29.379
0.4	0.6	0.2	99.0	19.146
0.4	0.6	0.3	99.8	15.162
0.4	0.6	0.4	100.0	13.329
0.5	0.9	0.1	91.9	28.553
0.5	0.9	0.2	98.8	17.845
0.5	0.9	0.3	99.9	13.793
0.5	0.9	0.4	100.0	11.839
0.5	0.8	0.1	92.9	27.367
0.5	0.8	0.2	99.4	18.514
0.5	0.8	0.3	99.7	14.171
0.5	0.8	0.4	100.0	12.477
0.5	0.7	0.1	93.6	28.299
0.5	0.7	0.2	98.6	18.251
0.5	0.7	0.3	99.9	14.299
0.5	0.7	0.4	100.0	12.605
0.5	0.6	0.1	91.5	28.873
0.5	0.6	0.2	99.4	19.055
0.5	0.6	0.3	100.0	14.973
0.5	0.6	0.4	99.9	13.334
0.6	0.9	0.1	92.3	27.845
0.6	0.9	0.2	99.2	17.115
0.6	0.9	0.3	99.8	13.507
0.6	0.9	0.4	99.9	12.214
0.6	0.8	0.1	92.7	27.55
0.6	0.8	0.2	98.4	18.01
0.6	0.8	0.3	99.9	13.985
0.6	0.8	0.4	100.0	12.247
0.6	0.7	0.1	92.8	28.347
0.6	0.7	0.2	99.6	19.719
0.6	0.7	0.3	99.8	14.108
0.6	0.7	0.4	100.0	11.654
0.6	0.6	0.1	93.7	29.31
0.6	0.6	0.2	99.1	19.209
0.6	0.6	0.3	99.9	14.871
0.6	0.6	0.4	99.9	12.298
0.7	0.9	0.1	92.4	27.415
0.7	0.9	0.2	99.5	18.185
0.7	0.9	0.3	99.9	14.185
0.7	0.9	0.4	100.0	11.299
0.7	0.8	0.1	91.9	26.698
0.7	0.8	0.2	99.5	17.748
0.7	0.8	0.3	100.0	13.956
0.7	0.8	0.4	100.0	11.645
0.7	0.7	0.1	92.6	28.943
0.7	0.7	0.2	99.3	18.471
0.7	0.7	0.3	100.0	14.026
0.7	0.7	0.4	100.0	11.784
0.7	0.6	0.1	93.1	28.508
0.7	0.6	0.2	98.8	18.352
0.7	0.6	0.3	99.8	13.896
0.7	0.6	0.4	100.0	11.698
0.8	0.9	0.1	93.6	29.143
0.8	0.9	0.2	99.3	17.581
0.8	0.9	0.3	99.9	12.935
0.8	0.9	0.4	100.0	11.44
0.8	0.8	0.1	93.5	27.419
0.8	0.8	0.2	99.5	18.007
0.8	0.8	0.3	100.0	13.489
0.8	0.8	0.4	100.0	11.911
0.8	0.7	0.1	93.1	27.936
0.8	0.7	0.2	99.3	17.618
0.8	0.7	0.3	100.0	13.581
0.8	0.7	0.4	99.9	10.768
0.8	0.6	0.1	94.4	28.5
0.8	0.6	0.2	99.7	19.454
0.8	0.6	0.3	100.0	14.299
0.8	0.6	0.4	100.0	11.684
0.9	0.9	0.1	91.5	27.101
0.9	0.9	0.2	99.1	16.386
0.9	0.9	0.3	100.0	13.034
0.9	0.9	0.4	100.0	10.761
0.9	0.8	0.1	94.1	28.956
0.9	0.8	0.2	99.0	17.848
0.9	0.8	0.3	100.0	12.694
0.9	0.8	0.4	100.0	11.418
0.9	0.7	0.1	93.9	29.222
0.9	0.7	0.2	99.5	18.617
0.9	0.7	0.3	99.9	13.032
0.9	0.7	0.4	100.0	11.272
0.9	0.6	0.1	92.5	29.555
0.9	0.6	0.2	99.4	18.887
0.9	0.6	0.3	99.9	13.787
0.9	0.6	0.4	100.0	11.816
